Fitting publication_form 2690 paper-years from 591 originals
                        term     estimate    se_model   lower_model upper_model
                       age_r  -1.47160479  0.33592137  -2.129998581  -0.8132110
                    age_r_sq   0.08771505  0.04255053   0.004317534   0.1711126
               has_overlap_f   1.03379371  4.79552484  -8.365262258  10.4328497
               SNIP_centered  -0.92222863  1.06824720  -3.015954662   1.1714974
              snip_missing_f   0.88452294  5.00201612  -8.919248505  10.6882944
              same_journal_f  -0.89017449  4.50518543  -9.720175681   7.9398267
        same_journal_missing  18.37412172 10.17854184  -1.575453695  38.3236971
    form_preprint_repository  -8.88705857 10.04590397 -28.576668538  10.8025514
 form_multi_original_article   6.32277023  6.17773927  -5.785376236  18.4309167
           form_other_output  -8.99495020  8.59845341 -25.847609199   7.8577088
           form_unidentified -30.15721775 15.50626879 -60.548946103   0.2345106
      p_model     se_CR2   lower_CR2   upper_CR2      p_CR2    df_CR2
 1.182437e-05  0.7068632  -2.8605614 -0.08264817 0.03788681 476.19963
 3.926181e-02  0.1182466  -0.1446593  0.32008939 0.45859093 457.12070
 8.293193e-01  3.0362596  -5.0240706  7.09165798 0.73453416  68.56099
 3.879670e-01  0.9540364  -2.8206362  0.97617896 0.33660890  80.51192
 8.596393e-01  3.5653059  -6.2539238  8.02296968 0.80494955  57.35414
 8.433667e-01  4.2158641  -9.2583352  7.47798619 0.83321767  96.23747
 7.104619e-02  9.6824139  -1.6979315 38.44617494 0.07084714  22.15312
 3.763481e-01 10.0883852 -29.7099205 11.93580334 0.38710961  23.96828
 3.060827e-01  5.2765048  -4.3031890 16.94872943 0.23704690  45.22623
 2.955091e-01  8.2043463 -26.2418532  8.25195277 0.28748916  17.85254
 5.179419e-02 16.0358236 -64.2642654  3.94982994 0.07910368  15.37519
 previous_estimate
       -1.47097176
        0.08761959
       -0.20252826
       -0.22597136
       -1.60989349
       -0.72371026
        1.01009850
                NA
                NA
                NA
                NA
Fitting oa_within_journal 1632 paper-years from 355 originals
           term    estimate   se_model lower_model upper_model      p_model
          age_r -1.89989575 0.43718505   -2.756763  -1.0430288 1.388023e-05
       age_r_sq  0.04241092 0.05510302   -0.065589   0.1504108 4.414980e-01
  has_overlap_f  1.93787721 4.66970097   -7.214569  11.0903229 6.781495e-01
  SNIP_centered -3.88948192 1.54764281   -6.922806  -0.8561577 1.196533e-02
 snip_missing_f  5.32192762 5.34672240   -5.157456  15.8013110 3.195599e-01
 same_journal_f  3.45175094 4.40630734   -5.184453  12.0879546 4.334123e-01
        is_oa_f  3.68439517 3.12953763   -2.449386   9.8181762 2.390770e-01
    se_CR2  lower_CR2   upper_CR2      p_CR2    df_CR2 previous_estimate
 0.9806957 -3.8303677  0.03057624 0.05371498 280.01936       -1.47097176
 0.1302903 -0.2140971  0.29891891 0.74504516 271.44238        0.08761959
 2.7511642 -3.5621287  7.43788312 0.48384307  61.71402       -0.20252826
 2.0913473 -8.1199428  0.34097899 0.07048651  38.91031       -0.22597136
 4.0988102 -2.9063062 13.55016140 0.19997430  51.12054       -1.60989349
 4.6102442 -5.7274045 12.63090640 0.45629533  77.53649       -0.72371026
 3.8167626 -3.8434384 11.21222872 0.33559060 193.35929        5.18547880
Fitting metadata_coverage 2690 paper-years from 591 originals
                           term    estimate    se_model   lower_model
                          age_r  -1.4712408  0.33592136  -2.129634526
                       age_r_sq   0.0876717  0.04255053   0.004274189
                  has_overlap_f   0.4670252  4.78881279  -8.918875440
                  SNIP_centered  -0.8810220  1.06521588  -2.968806777
                 snip_missing_f   0.4638626  4.99089442  -9.318110735
                 same_journal_f  -0.4662960  4.49634155  -9.278963472
           same_journal_missing  13.9082846 10.37223515  -6.420922729
       form_preprint_repository  -9.9527791 10.02826697 -29.607821244
    form_multi_original_article   5.7866549  6.16464830  -6.295833723
              form_other_output -10.1122290  8.58901126 -26.946381749
              form_unidentified -25.9728122 15.59129808 -56.531194922
 unpaywall_status_not_retrieved  11.1679000  5.37059251   0.641732066
 upper_model      p_model     se_CR2   lower_CR2  upper_CR2      p_CR2
  -0.8128470 1.188331e-05  0.7068020  -2.8600770 -0.0824045 0.03791754
   0.1710692 3.935901e-02  0.1182309  -0.1446718  0.3200152 0.45875322
   9.8529257 9.223101e-01  2.9315409  -5.3812496  6.3152999 0.87388973
   1.2067628 4.081900e-01  0.9399052  -2.7513336  0.9892895 0.35138314
  10.2458359 9.259498e-01  3.5441001  -6.6323387  7.5600639 0.89632648
   8.3463715 9.174030e-01  4.1564311  -8.7168045  7.7842126 0.91090981
  34.2374919 1.799481e-01  8.5893561  -3.9533152 31.7698843 0.12030289
   9.7022629 3.209671e-01  9.8256350 -30.2044336 10.2988753 0.32093640
  17.8691436 3.478932e-01  5.1240008  -4.5320167 16.1053266 0.26471231
   6.7219237 2.390579e-01  8.0447930 -27.0203079  6.7958498 0.22490991
   4.5855705 9.574268e-02 15.7101393 -59.3286203  7.3829959 0.11813240
  21.6940678 3.757564e-02  6.8359437  -2.3524025 24.6882024 0.10466861
    df_CR2 previous_estimate
 476.19967       -1.47097176
 457.12084        0.08761959
  68.99290       -0.20252826
  80.44639       -0.22597136
  57.27434       -1.60989349
  95.94717       -0.72371026
  21.01824        1.01009850
  24.63106                NA
  45.25355                NA
  17.90257                NA
  15.69997                NA
 134.00322                NA
