Fitting audited publisher access: 2690 paper-years; 591 originals
# A tibble: 5 × 2
  publisher_access_group       n
  <chr>                    <int>
1 article_not_publisher_oa   243
2 article_oa                 194
3 online_deposit              35
4 other_publisher_output      11
5 preprint                   108
                                   term   estimate    se_model   lower_model
                                  age_r -1.4712253  0.33592142  -2.129619225
                               age_r_sq  0.0876436  0.04255053   0.004246088
                          has_overlap_f  1.0154515  4.84074777  -8.472239748
                          SNIP_centered -0.8492170  1.14638024  -3.096080939
                         snip_missing_f  0.1042777  5.23862109 -10.163230940
                         same_journal_f -0.5850959  4.52314062  -9.450288580
                   same_journal_missing  4.2344000 10.38671462 -16.123186589
                       multi_original_f  6.5469120  6.31359739  -5.827511512
             publisher_group_article_oa -0.2789307  3.52943842  -7.196502921
               publisher_group_preprint  5.9947180 10.74879468 -15.072532475
         publisher_group_online_deposit  5.4199898 11.54167352 -17.201274587
 publisher_group_other_publisher_output -0.8018986 12.50946288 -25.319995279
 upper_model      p_model    se_CR2   lower_CR2  upper_CR2      p_CR2    df_CR2
  -0.8128315 1.188586e-05 0.7068671  -2.8601897 -0.0822610 0.03793718 476.19971
   0.1710411 3.942213e-02 0.1182564  -0.1447501  0.3200373 0.45899413 457.12096
  10.5031428 8.338459e-01 2.9393273  -4.8480027  6.8789058 0.73078810  69.22723
   1.3976470 4.588261e-01 0.9088213  -2.6525546  0.9541207 0.35236700  98.82708
  10.3717864 9.841187e-01 3.6096677  -7.1118859  7.3204414 0.97704669  61.76730
   8.2800968 8.970759e-01 4.2045223  -8.9311092  7.7609174 0.88961654  95.90766
  24.5919866 6.835126e-01 6.0291916  -8.6951024 17.1639024 0.49397712  14.02112
  18.9213355 2.997572e-01 4.9445352  -3.3870871 16.4809110 0.19156452  49.47578
   6.6386414 9.370089e-01 3.0141301  -6.2190970  5.6612355 0.92635215 220.65899
  27.0619684 5.770419e-01 7.6353517 -10.1315827 22.1210187 0.44333287  16.76637
  28.0412543 6.386396e-01 8.2911960 -11.8598051 22.6997848 0.52064611  20.28077
  23.7161981 9.488879e-01 5.7721110 -12.7897496 11.1859525 0.89080332  21.46791
