Fitting combined publication/access: 2690 paper-years; 591 originals
# A tibble: 7 × 2
  publication_access_group     n
  <chr>                    <int>
1 article_access_unknown       4
2 article_closed             155
3 article_oa                 277
4 doi_unavailable              7
5 online_deposit              32
6 other_unclassified          11
7 preprint                   105
                         term     estimate    se_model   lower_model
                        age_r  -1.47188695  0.33592142  -2.130280835
                     age_r_sq   0.08776383  0.04255054   0.004366296
                has_overlap_f   0.44180095  4.82858790  -9.022057437
                SNIP_centered  -0.95743150  1.06923678  -3.053097078
               snip_missing_f  -0.78041838  5.11845738 -10.812410496
               same_journal_f  -0.01869122  4.53161528  -8.900493957
         same_journal_missing  10.96871173 14.22226586 -16.906417130
             multi_original_f   4.95535869  6.26320868  -7.320304749
             group_article_oa   5.38707021  3.45141946  -1.377587631
               group_preprint   4.28479547 14.69391133 -24.514741540
         group_online_deposit   5.19811458 15.21604060 -24.624776987
 group_article_access_unknown  -8.84727916 21.07963800 -50.162610446
     group_other_unclassified  -3.46484426 14.50914965 -31.902255027
        group_doi_unavailable -17.56850471 18.76002826 -54.337484449
 upper_model      p_model     se_CR2  lower_CR2   upper_CR2      p_CR2
  -0.8134931 0.0000117789  0.7069051  -2.860926 -0.08284811 0.03786149
   0.1711614 0.0391527091  0.1182647  -0.144646  0.32017369 0.45840986
   9.9056593 0.9270977483  2.9726051  -5.487280  6.37088179 0.88227920
   1.1382341 0.3705548657  0.9810294  -2.909270  0.99440668 0.33198702
   9.2515737 0.8788151435  3.6102438  -8.012116  6.45127885 0.82964006
   8.8631115 0.9967090341  4.0697375  -8.096729  8.05934636 0.99634504
  38.8438406 0.4405675469  8.3961534  -8.604699 30.54212212 0.22989942
  17.2310221 0.4288358634  4.6141127  -4.323856 14.23457337 0.28825405
  12.1517281 0.1185644708  4.1886394  -2.863581 13.63772132 0.19962647
  33.0843325 0.7705898255  8.8343365 -15.607197 24.17678836 0.63890490
  35.0210061 0.7326363502  9.5126094 -16.045456 26.44168497 0.59693740
  32.4680521 0.6746992496 12.0985370 -36.098083 18.40352485 0.48270309
  24.9725665 0.8112574995  6.6164029 -17.775481 10.84579260 0.60941678
  19.2004750 0.3490229931 14.8392846 -49.161842 14.02483263 0.25463227
     df_CR2
 476.199551
 457.120624
  69.727835
  81.281763
  56.172521
  96.306041
   7.531112
  47.618749
 243.138586
   9.283564
   9.835480
   9.262981
  12.851852
  15.197984
